H9_FT2_genome_decile_1 <- c(0.0,0.2885221755009905,0.4642493443057663,0.5221799577057721,0.5757363050710734,0.6196360646312848,0.6391018827393646,0.6678465820336438,0.6943294983298459,0.7533308375727837,0.7702006190377506,0.7370226022314773,0.6905256918493363,0.6906081410817785,0.6355342821680137,0.629239171853169,0.6067750985491164,0.5859845218278772,0.5729430587773893,0.5405761641497367,0.5292427372253827,0.5372614821697964,0.5034383558286036,0.4833162863974365,0.5152330527831073,0.49188432149852596,0.45838207865656777,0.4387034523944817,0.4448871448276477,0.4372093386011708,0.4468068749289711,0.42441410906919275,0.42123201436845004,0.38922945621388666,0.4131285918339606,0.43218327795864614,0.407412854503845,0.4400293251864578,0.42750372692814215,0.41534023678528215,0.42745470306020356,0.4083465363523123,0.42672937265047545,0.43403838568859593,0.4092958167042145,0.3976493055323435,0.4483856663123578,0.4088601727868509,0.43277713526799344,0.4347826571382094,0.45012824198181217,0.4063209592633941,0.43969284318378826,0.43690516778418803,0.4180811166745773,0.4130238590251827,0.4251684081281573,0.4129915478394959,0.4325643271139872,0.40552097887294125,0.42291553856061465,0.45749742067603916,0.5062661416656082,0.5044433451213453,0.5109222949409596,0.5159895801997054,0.5156408422300511,0.5298332519982797,0.561711022125363,0.5685097412653952,0.5806542903683698,0.5773050688451091,0.5842898558475447,0.6166701206209987,0.6319577681661285,0.636540385639572,0.6699178404540501,0.6393770849071109,0.668226517010168,0.6520441838751585,0.6814774456782118,0.6938325745775591,0.7253549216620874,0.7231711311811855,0.7474680286388523,0.7923438088425687,0.8199966128963969,0.8011881602902213,0.8294871880577858,0.8405955508611488,0.8451458571489056,0.854914977014491,0.8716443719485427,0.8992069275182113,0.9307393022120907,0.9633780564710391,0.9687049453940962,1.0,0.9467834771738186,0.6271389447835262)
H9_FT2_genome_decile_2 <- c(0.0,0.1514184465791964,0.27571472371078787,0.35367198951253026,0.45155707756510616,0.4951703246165239,0.5326913459021353,0.578309190898229,0.6016615346378839,0.6300233360461954,0.6374336257044868,0.6278404837111138,0.6267750317547464,0.6457137967879577,0.6549504300005194,0.65144136500082,0.6305672665860618,0.6470563069968414,0.6606555890900164,0.6394422980352292,0.626333979463057,0.6120359401594918,0.6468057322537568,0.6215160179395218,0.6185519020762053,0.6392457089075246,0.6435940974369055,0.6310898065990794,0.6466071059330192,0.6380345976492829,0.6303757704409403,0.6205636301964974,0.5981463580590847,0.622756668496745,0.6036427048626779,0.6130036068502653,0.6199911789541662,0.6363783597132855,0.6542730633169781,0.6443977700885059,0.6571658774241323,0.6537933043576578,0.6401400366491027,0.6378084692225969,0.639656203303716,0.632717523832612,0.641082238426961,0.6360951898816697,0.6347231403738045,0.6417005265125394,0.660376493644467,0.6259764520857292,0.6431876774267807,0.6605557666313893,0.6551246100048587,0.6802238467704889,0.6791858969200697,0.6457341687182898,0.664622003925671,0.6444802764063507,0.656508882670923,0.6541284226116204,0.6673559169762351,0.6832236135118865,0.6860634606001774,0.7048616593140975,0.7086294478290143,0.719482593713426,0.7239460836491831,0.709319037670755,0.7210695670862944,0.716391153285534,0.7478993993336341,0.7589022789059866,0.7873201031227114,0.7981437097081415,0.8324103151232043,0.8402178574229712,0.8527771524726939,0.8588286343778362,0.8875846326380733,0.8988645704629419,0.9144032603237303,0.9233210728265951,0.9447309530090869,0.9192517797427636,0.8987749339694808,0.9144827108520255,0.9137370982018715,0.9339379043191548,0.9302852172106142,0.9482023299376721,0.954339373950209,0.9894076148238389,0.9699177890751449,0.9869487228327577,1.0,0.9824159683338715,0.9435065999961293,0.6674119397846483)
H9_FT2_genome_decile_4 <- c(0.0,0.13457794685936478,0.202734387730074,0.26741924362670855,0.3112651560240747,0.34289191261348256,0.37702544857028675,0.412415375828232,0.43058459501319857,0.44343580569415403,0.4570631488853708,0.4709452007567506,0.4897078825904473,0.5044878468797758,0.5208946878232099,0.5308017405950749,0.527987938643509,0.530297468864651,0.5369567715631909,0.5408374341144971,0.5407731137407186,0.5483740667113765,0.5505609594198474,0.5705886086045223,0.5686564245762145,0.5673974604601222,0.5683373955222728,0.5733964073212022,0.5675672662468976,0.5771055488757656,0.5891523260819973,0.5812640754417953,0.5888727468573065,0.5792478461250834,0.5780840761621834,0.580211794126778,0.5800016809057681,0.5794571017411096,0.5891188794876325,0.5747342710957962,0.5791586552067771,0.5881823748454167,0.5875889121966865,0.5917019856985793,0.610092466969344,0.6029957857291101,0.6085470627886913,0.6241794864318315,0.6334150345014485,0.6290635468140833,0.6325582871227181,0.6253964279037219,0.6286570420518027,0.6306243878844429,0.6250139360809853,0.6314614103485479,0.6436436891422064,0.6458288666407098,0.6441162294882328,0.6463940283249774,0.6579245273310133,0.6565600778019242,0.6602383455770738,0.6694009972230751,0.6867554916735132,0.6909894874781096,0.6968143405274957,0.714914951313765,0.7293295758800313,0.7324915654549852,0.7308346726264495,0.734717907992707,0.7559084695352981,0.7606553131201556,0.7689080458784362,0.7769944032698762,0.782631440827829,0.7816554863563623,0.7923849823076092,0.804047552481137,0.8089530529879815,0.818933859788446,0.8225786809692308,0.8393800202051734,0.8649435095597228,0.8727571485663418,0.8878312713650841,0.8919983739809508,0.8951963829652206,0.9035614619763679,0.9243926870307829,0.9406288645824579,0.9435635888367274,0.9633185196365813,0.9787554093434347,0.9852380454153296,1.0,0.9982256152886956,0.9973877352196069,0.7792627684518)
H9_FT2_genome_decile_5 <- c(0.0,0.1340922735644582,0.22031585481261384,0.2734728765785109,0.31943260101960863,0.3567159850620211,0.3654930652366367,0.3941143549092833,0.4113540850487927,0.43461988542122454,0.46515319568955865,0.4848116980248898,0.5000315447783216,0.524815564804168,0.5337686851932881,0.542720788008914,0.552050410590905,0.5683702542916163,0.5776388224639525,0.5851663223876344,0.5747692652101798,0.57719363406022,0.5777721245916987,0.5934208785729549,0.6061054409654737,0.6087190784854436,0.5987901051153419,0.6091815656385783,0.6163264579284239,0.6224863390758397,0.6272984441301273,0.6266553376817641,0.6199342647522718,0.6374492485219745,0.6394228323140639,0.6328075870279731,0.6239842072593693,0.6310772033010084,0.6333575855016128,0.6284299858557284,0.6400847638720707,0.6499847363975864,0.6561278275823471,0.6668438940502478,0.6619300316465356,0.6728572446144923,0.6594079757410479,0.6685895413796261,0.6592370233940147,0.6861029987890875,0.6819614746675079,0.6821970429314257,0.6951761928505287,0.6903132091215288,0.6859813987565252,0.708728745433639,0.7096796678640115,0.7077600154671171,0.7009605893785679,0.7087816592553398,0.7147990801135612,0.7220146937612569,0.7203214514668322,0.721236250038159,0.7258199098429884,0.7335743286558871,0.745015925025185,0.7532475858068849,0.7594863289001048,0.7538504981022255,0.7698701576221343,0.764694778830401,0.767085058968384,0.7857946740203311,0.7937576953995502,0.7976153165162354,0.8044447610228649,0.7998829790481617,0.8100108880363884,0.8101365583629278,0.8261959032491122,0.843864540616446,0.8490246558057656,0.8602973349750186,0.8746812451029276,0.8819589307337723,0.8884449441860939,0.9005103131073642,0.9109323008354279,0.9264925259226847,0.9390554882826412,0.9553626123146745,0.9719460075503953,0.9820784956193461,0.9791662002788152,0.9983337234031728,1.0,0.9969254016871368,0.9903808777588962,0.7802667060128418)
